1
101
Clara Bertao
111.222.333-44
(62)99999-1001
15 05 2000
10 01 2024
12.0
30.0
500.0

1
102
Julia Coite
222.333.444-55
(62)99999-1002
20 10 1998
15 02 2024
10.0
25.0
600.0

1
103
Sarah Godinho
333.444.555-66
(62)99999-1003
05 12 1999
20 03 2024
15.0
40.0
450.0

1
104
Japa Vidal
444.555.666-77
(62)99999-1004
01 04 2001
05 04 2024
20.0
50.0
300.0

1
201
Eduarda Claudio
555.666.777-88
(62)99999-2001
12 08 2002
10 05 2024
8.0
20.0
800.0

1
202
Pedro Lukas
666.777.888-99
(62)99999-2002
25 12 1995
15 06 2024
12.0
30.0
550.0

1
301
Matheus Simao
777.888.999-00
(62)99999-3001
14 07 1997
01 07 2024
10.0
20.0
700.0

1
302
Daniel Vilarinho
888.999.000-11
(62)99999-3002
30 09 1996
20 07 2024
15.0
30.0
650.0

1
13
Taylor Swift
198.919.891-13
(11)1313-1313
13 12 1989
13 10 2023
100.0
200.0
5000.0

1
400
Lana Del Rey
000.000.000-01
(21)5555-0000
21 06 1985
01 01 2024
50.0
50.0
2000.0

1
401
Sabrina Carpenter
111.111.111-02
(11)2222-3333
11 05 1999
05 08 2024
20.0
20.0
1500.0

1
500
Chappel Roan
333.333.333-03
(33)4444-5555
19 02 1998
10 09 2024
30.0
40.0
1200.0

0
